758
426
631
414
453
595
518
877
342
298
450
571
840
801
207
450
204
436
244
525
968
839
198
288
279
450
446
781
533
450
29
149
344
621
486
600
587
617
585
513
644
705
24
288
597
117
411
501
944
309
510
758
635
803
242
437
443
410
992
345
396
758
105
296
502
569
484
454
388
831
711
596
854
824
350
959
295
623
890
900
49
691
520
790
99
441
202
923
172
260
843
313
66
883
836
152
651
221
644
644
45
411
548
50
41
121
360
276
17
931
193
763
122
169
303
504
877
814
356
647
184
987
564
400
330
867
352
467
179
970
778
768
673
647
699
992
199
427
256
955
936
757
283
935
593
75
982
625
765
631
522
700
194
523
837
123
112
779
746
868
890
318
995
532
221
656
601
185
437
831
28
103
495
552
718
42
945
726
209
197
86
182
825
437
438
873
100
798
145
919
686
831
996
844
866
108
980
530
970
8
751
84
655
853
27
385
620
178
870
893
229
32
420
104
285
624
159
289
317
788
521
299
136
169
661
585
11
294
987
337
698
3
514
531
909
321
695
429
730
658
420
588
156
157
229
601
658
176
611
965
258
754
891
586
371
396
385
616
602
427
381
793
204
94
200
682
219
830
464
158
956
982
967
672
317
416
10
29
627
738
613
563
817
75
660
378
989
454
532
318
804
586
303
798
998
851
887
244
532
57
858
865
350
650
571
588
497
199
489
183
429
504
385
175
229
165
415
878
728
770
810
214
708
773
397
812
394
567
985
670
468
381
984
954
179
699
212
869
134
300
854
229
124
880
643
244
738
82
1
553
288
676
599
716
998
33
18
798
93
15
580
419
488
32
54
773
832
387
374
118
430
452
908
162
228
732
447
286
5
318
997
777
795
760
951
685
559
618
362
954
802
534
818
192
810
859
929
990
225
88
381
708
984
522
984
449
600
130
129
842
121
238
968
696
715
922
422
484
50
75
338
242
127
992
721
176
464
725
581
169
762
549
14
306
285
603
174
487
270
621
29
779
666
998
525
723
21
127
520
374
611
985
838
884
966
129
3
263
270
216
453
466
726
654
651
468
971
11
96
713
624
810
439
406
852
218
161
606
917
505
114
582
702
375
105
946
252
829
894
578
302
809
94
580
227
799
105
823
469
709
973
177
259
307
875
398
988
205
303
541
399
230
326
713
960
139
856
425
717
553
668
676
998
179
107
253
51
525
980
94
463
870
7
948
602
389
797
311
213
284
28
36
974
129
337
297
596
606
142
893
52
31
715
57
793
492
360
535
539
650
73
885
982
394
74
510
67
789
658
262
204
842
996
519
384
550
319
869
758
647
616
282
823
845
670
350
588
413
699
903
14
428
298
657
301
972
187
283
104
670
156
654
203
260
154
346
607
505
277
582
435
272
297
884
344
726
192
807
562
125
93
90
586
605
548
646
544
945
798
311
86
852
8
316
672
670
610
33
800
695
725
418
429
894
686
79
20
390
351
767
55
222
229
218
153
283
596
143
84
573
694
902
313
219
738
683
966
3
217
407
646
586
869
5
419
316
970
502
422
393
998
434
447
373
413
140
24
202
516
608
171
339
567
435
324
23
167
95
874
408
971
42
639
672
671
114
78
264
690
311
940
572
865
788
271
941
217
484
611
412
402
789
963
672
878
348
693
669
89
141
590
953
699
436
237
60
832
93
996
235
89
404
928
449
540
530
97
995
150
422
213
734
1000
491
536
400
911
3
878
503
837
112
256
162
230
538
493
258
437
379
768
180
980
803
967
694
163
624
124
707
407
517
940
597
348
942
292
862
845
613
508
627
88
397
764
78
719
17
722
110
432
815
62
101
647
758
325
262
705
41
233
896
953
55
122
956
976
936
717
167
837
527
666
468
956
151
348
457
755
627
418
684
263
365
458
115
445
890
229
869
84
825
886
375
680
966
404
63
58
272
350
158
874
27
366
262
527
202
990
249
565
517
23
737
741
914
185
89
258
947
941
151
575
469
766
324
599
16
789
794
476
135
684
417
713
262
322
469
131
771
189
792
818
683
950
351
421
754
166
508
707
997
743
168
934
16
733
818
466
991
955
529
948
563
817
970
165
404
211
630
302
941
774
714
653
120
51
988
165
399
446
496
932
540
920
933
877
718
887
94
678
801
816
464
549
952
627
205
411
161
341
155
530
133
859
141
419
18
90
227
552
447
611
248
760
348
819
224
392
124
345
668
951
336
473
252
346
297
918
567
790
465
692
26
405
382
10
243
991
940
558
104
537
758
19
33
339
929
86
503